21571
35261
1089
4864
5955
6001
6021
7729
9329
10483
17739
5956
5963
8663
26111
5586
127654
6004
9369
11254
21581
789
8541
39268
1210
3933
9068
9247
12829
16231
1055
1591
23798
5978
2241
5983
11990
30836
696
797
391
392
393
394
396
402
403
414
445
457
9463
12767
9552
8772
8775
11360
8562
316
616
1565
5940
5993
6009
8316
37456
1398
6013
20859
21474
5997
6027
13179
142167
6015
1454
5646
5815
6025
7640
10842
13012
13020
13089
13125
21477
354
1779
5902
7581
52
13059
13184
8195
147662
6018
6032
421
705
7607
5989
5979
6028
8567
7456
10312
22868
5996
6002
9993
36616
1747
1767
1768
1841
7586
1458
29878
12284
6016
22870
23799
320
5968
22949
6030
5976
23640
26113
26114
11088
893
5984
30531
5980
8674
37349
7254
7349
17847
4134
9938
11140
16232
11091
11297
11367
5959
142
143
155
2066
150481
643
23361
23405
23424
23737
23743
23757
23769
25955
25976
5973
6011
3975
36195
37602
9863
1531
96783
96786
152
126
96229
8681
10133
11174
26878
1239
21540
7491
10392
23072
1303
5970
9987
37593
37972
26697
809
4432
36148
7548
11168
8520
9836
9843
11153
11154
11155
11294
11295
11296
11300
11305
11306
11344
11345
11346
11347
11348
11349
22872
96178
1473
6658
36151
36617
37636
96230
96235
11391
5981
5988
5992
5975
36127
1117
17797
23071
10132
26802
1416
697
1457
7452
8656
9974
9983
7627
7537
7538
7587
7598
7599
7600
7611
8572
11080
11090
11102
8574
10050
8909
8801
4895
10057
26583
8875
8710
4067
4776
36192
132517
1231
37066
37606
1222
23307
36576
37347
37417
37638
37639
37667
37690
37698
1338
14241
36051
36147
95586
96329
96333
117134
117135
36149
95991
95992
37635
37592
37826
28040
95663
95845
96176
96618
96878
145429
17807
13554
18111
36115
17069
17062
30102
30107
30013
30014
32181
132393
142182
108
104
276
241
270
577
686
207