33
6321
10432
9112
6344
11496
17798
29911
17883
3197
8180
676
6281
6285
6345
26894
4118
2022
7613
9942
30889
11435
17094
150938
21593
122142
150599
10801
6359
11437
282
283
5165
8937
9885
20769
6278
6291
9527
6315
6348
23611
11369
7692
485
486
506
531
151134
14103
20875
21547
16663
6353
13048
14252
1703
716
124754
706
17871
17872
20983
19237
837
6308
6301
12010
1749
17
10720
17881
122256
6336
16983
2771
21566
1572
1916
1921
2073
9879
14218
14280
20860
21813
3960
5459
17827
6320
8536
25787
9062
9508
21605
12019
21608
6350
124365
6338
11727
147104
6347
6355
6299
14447
11814
9995
6309
12085
6297
6323
6352
7439
12049
5000
7689
4811
7372
17081
10767
12380
10781
148531
13080
22793
9109
133411
12878
31471
2048
2554
37591
96850
12867
96605
3270
21529
29884
21538
17874
422
6357
17118
30082
30090
1107
8938
7310
6289
7332
147671
9573
11172
353
1106
8556
8771
8973
8343
5990
6302
6311
147668
6319
6327
6337
6349
6354
679
6356
17441
6856
22396
8156
10013
10016
8523
10353
3552
3898
10208
8711
10295
1469
9925
36379
132516
36103
36577
37778
37693
35356
1354
1355
1356
1359
37973
132415
95661
96269
96298
98083
16974
122232
122392
13782
14313
578
715
35182
14221
16526
16544
18570
16884
32476
16562
18281
250
1546
17821
19235
18562
6534
13791
20892
18274
17091
32193
37630
156
127717
20583
133362
133372
145168
19
147913
147914
66
177
267
271
274
939
198