7367
18116
784
16968
587
21739
9548
1430
11373
18606
96257
11355
14442
21611
569
14552
21614
21688
91
21589
21597
21604
21607
150969
8487
1717
132974
14249
14556
11406
14253
7441
7262
9627
14245
14467
18609
14310
21735
21751
12978
21516
6193
6196
1206
35276
1168
6190
1326
1149
1267
37326
37064
95578
95864
96177
96602
96925
121378
121376
123685
13234
147313
14297
14555
14590
14593
14594
14605
1566
14608
14591
17682
18607
18146
30008
18279
20650
18261
32195
133369
149697
150676
150934
607
631
30135