12216
151
8630
10810
11238
11240
11251
11288
11578
14500
17073
17417
22648
96844
12853
10649
96875
142264
11811
1685
7495
31246
795
16822
6238
11262
26094
30096
6105
6106
12995
20878
21487
9428
26883
95563
9428
18
7360
11230
11196
20589
6910
8463
11315
14207
19233
21731
832
913
1153
19188
6094
12052
709
19228
21609
622
1679
6538
14386
21642
21693
147658
21677
5463
2977
11263
7725
127708
127709
127710
127711
776
13664
11192
6115
29796
147661
6117
1262
21619
7460
1287
10908
7696
37545
931
13246
13922
30057
127663
3125
23745
23834
26252
12527
13262
13977
17844
36194
37590
29577
12899
1319
21743
32
6104
145206
6084
147311
147656
219
132972
1241
1270
18353
1202
17500
131520
30066
36123
37427
852
36580
96613
96876
97809
17363
30058
30058
30147
13625
13626
13571
16772
16952
14153
20699
13785
17419
147064
147657
147663
150961
139
141
30004
208
633
803
807
808
9
30143