767
12446
209
13659
96231
1391
96232
147665
7679
7686
8958
12880
21585
21586
21792
21801
21802
21816
21822
21823
31271
5597
7492
13090
13091
13092
37008
293
31227
31235
31241
31252
31256
31261
37416
10336
13000
133368
147673
769
1364
8490
12703
787
7264
7342
1602
12099
96453
96471
96477
96521
96547
1467
8383
12092
6222
1959
308
437
615
968
8356
9083
11430
22726
30915
31239
32535
38056
31221
13018
25793
6233
1568
12445
12843
21113
119492
151100
2919
3485
7444
9293
17101
30926
306
314
399
657
854
9875
9994
10095
11108
11122
12090
145204
6277
10541
14014
17748
17503
9811
3727
3940
1575
1576
31285
30628
10410
884
9486
31260
2050
2051
11767
31069
7698
12199
384
933
14516
18085
20824
8631
13624
782
6400
6230
20979
25814
26302
1449
9133
12839
98141
96787
29570
7606
1331
1497
9849
773
10448
10276
11096
11267
5913
7662
10223
8802
12134
9838
8368
11577
6228
6254
6255
6256
10354
8638
7377
4023
1230
35097
36341
36185
37532
37059
36970
36974
36977
828
37700
13443
20687
36172
37576
37578
37547
35096
95560
14272
157
14474
17126
30064
98086
123511
13225
13619
14368
17793
17796
147674
18339
20907
132619
147675
18287
130550
133371
143157
30065
151185