1174
6244
6253
6257
6260
6262
10747
37466
96851
134
218
229
253
257
6266
6275
7513
7661
18169
18318
19225
21747
7661
31251
1500
11150
32384
147669
299
7470
7639
8543
11069
11166
11224
11225
11377
11529
21528
21810
21818
31341
31254
31295
974
5412
31249
31258
31324
31514
12249
11768
14452
37338
757
762
1039
7566
8546
8624
11163
9279
7556
29877
4089
9844
10500
10776
29883
96768
9832
31234
31236
96454
96456
96459
96462
96465
96466
96467
96473
96475
96476
96478
96483
96484
96485
96486
96487
96488
96489
96490
96497
96498
96500
96501
96502
96503
96504
96505
96506
96509
96513
96515
96522
96527
96540
96548
96550
7489
11266
11572
9495
330
331
415
424
425
426
430
438
439
440
441
442
443
444
446
447
448
449
450
451
453
454
455
456
459
460
461
462
464
467
468
469
470
472
479
480
481
530
667
151126
151131
151132
151133
151135
7617
8814
11361
1062
1063
5738
1051
151183
31228
16877
31274
25
11064
416
680
7494
11081
11273
11307
17792
30137
1367
11087
26541
23163
343
661
6247
9801
12570
37886
411
945
1235
12141
31288
703
1723
9273
9281
9289
9291
12784
37333
37555
5046
1905
1909
2031
31280
31283
31294
1598
1596
31245
31248
31259
31287
31270
36536
6245
9103
1933
4126
7807
17850
96848
96853
898
30823
4924
31297
31292
2028
10815
10387
22950
17261
38161
7591
17442
7571
8553
11821
26142
10103
675
17742
1437
96734
36999
98119
98135
9282
980
96849
96852
96854
994
9283
7835
7844
9492
9550
1040
824
11527
7793
7802
1111
30099
1532
217
1691
8855
11732
17800
7267
7490
31219
30874
7500
294
7545
11124
11357
8350
11281
1108
9027
12148
12181
12136
12152
10159
4144
12076
12106
6243
10169
12266
12270
10052
23074
4349
10373
23073
23083
17845
1156
1155
1236
1238
1358
9972
10007
8550
12139
12144
12137
12171
8965
8766
10049
10156
12178
12140
12143
12179
8989
12151
8776
14537
12149
8725
10136
10153
10347
10226
8936
10192
36440
36436
26006
36170
14527
36537
36511
36496
37670
37679
37687
37659
1292
1296
38162
38213
96242
96243
96244
96245
96248
96250
96262
96270
96336
96939
22712
17680
122171
1405
13269
1333
30001
30128
14298
14530
14526
14532
14534
14535
1471
1472
1474
14528
13555
420
17373
17354
626
30056
17438
53
62
79
85
1653
17804
16957
17606
17806
17851
17832
29566
16083
30079
132388
132414
133379
133386
37642
143158
55
147094
147095
147089
147093
147098
147912
30139
150305
30828
2
87
172
231
524
556
685
687
30133
30140