248
6485
21944
205
390
6462
11329
11375
12021
16422
6389
8314
30897
96180
1269
1275
11316
7506
7509
7618
10471
11125
11256
22273
7369
11148
11149
151203
6472
11137
7554
7620
11079
11181
170
264
301
792
892
927
2864
2908
6820
6919
7344
7564
7609
7626
7631
7635
8983
9277
10784
11071
11162
11216
11248
11258
11285
11620
11817
12769
18098
18381
20587
21499
21506
21512
21565
22647
22649
22651
22665
22666
22667
22668
22874
37816
147670
6372
6516
5143
7339
7503
8874
9725
9923
11100
11223
11250
11257
11366
12097
21587
21817
96858
911
8178
11214
934
4426
12120
5056
7529
8565
8600
8605
8610
9895
9950
11252
11265
21523
30005
30846
1094
1795
4098
35083
36972
36973
37010
37012
37013
37019
37020
37024
311
572
6394
8599
8820
9677
10165
11179
11255
30822
30869
30870
30917
21720
36558
8819
10065
10348
10423
10636
11545
11571
30877
30871
8622
8590
8317
22888
22889
22891
6495
6364
36066
5208
6455
6519
37029
37030
6452
8753
20772
12913
7614
8529
8589
9430
10090
10458
9585
11812
1427
1756
6456
11098
6487
8206
10487
26385
12624
12576
12837
30800
96458
96460
96468
96481
96493
96494
96514
96535
96536
96538
96539
96546
239
350
583
1395
7485
7486
7504
7603
7629
7637
8137
8524
11126
11221
11318
11381
12078
30850
30882
9837
30811
117
30813
30833
36499
1123
30834
8613
30863
22934
5023
30858
30862
8549
9637
9775
12034
30866
36091
20854
30821
9568
8352
10549
10777
2827
23586
2386
8555
8571
9841
11073
11074
11334
11354
10472
1301
1302
1348
1351
1489
14174
17772
17773
17774
17775
17862
17870
18604
18605
23001
23088
30039
9209
326
328
332
358
359
361
362
363
367
368
369
526
12761
37542
6942
9933
858
9698
962
12070
6490
151130
151141
4226
7514
7574
7605
11233
11291
11292
1895
1929
2012
2024
7610
895
3935
9700
721
1064
2139
9587
12802
9799
9830
30847
38058
6418
7623
20879
7767
6449
3976
13022
21491
7546
11279
11333
6474
323
6513
3874
30888
37433
37717
37718
37719
37720
37721
37722
37724
37726
37727
6463
6531
7318
7350
10321
36949
30856
8680
13023
18089
18091
6518
349
692
707
7592
36190
145205
8575
21788
6453
97806
6484
17816
1127
1128
6481
6467
11218
30855
6544
13644
247
6457
9943
12723
6362
7625
151173
6546
22721
30945
1
8585
29736
6488
6504
6515
7516
7568
7664
11123
11352
11353
12091
1622
12760
12763
1579
11264
7707
7724
8586
11525
36575
1702
9080
10372
9257
9262
8946
12159
8647
9214
1910
30873
6387
6388
178
6404
6397
6465
6494
6554
9217
6461
9827
6382
8353
16618
14251
22852
37325
10045
14088
6276
14275
902
17795
11158
7575
7651
8712
10352
11093
11234
7252
8588
6398
8532
11146
7699
7728
7712
7713
7727
7730
7731
7732
11249
3047
10252
22817
36516
37166
7734
7740
12766
7520
7567
11082
12094
30868
7265
3982
7259
8905
11183
21770
2378
12827
8594
8573
23067
36046
8601
11326
11723
1004
1006
1007
1008
1175
1193
7523
7660
11207
11743
12074
12079
12080
12104
30015
30017
30104
30121
30148
12038
12059
431
7335
25815
9063
37713
6542
730
1366
22921
7563
7570
22922
12105
6547
6492
9092
7260
21784
21709
23408
25863
27248
27254
1382
32881
1550
26421
121
12730
9655
9667
9766
9834
9865
9874
9967
12714
17068
8488
14248
21753
36991
6529
10719
12757
12812
96782
21517
151177
7593
21507
21511
30885
21539
1253
1257
12163
19542
36070
6468
9947
3952
19449
11213
11740
12001
12002
11991
12027
12039
7251
30887
9758
11195
9848
296
9859
36500
7547
145209
7565
7569
7590
11167
11189
11226
11282
11284
10547
37528
10903
145
149
11094
11384
6475
6558
6365
6371
6376
6392
6429
6451
6470
6537
6550
6556
6884
12791
22567
8797
22749
132394
3785
8856
22823
23080
122091
1136
9299
7597
8672
12169
9991
10006
8514
8518
7533
23120
22862
2424
10320
3542
10046
9046
1205
3519
8791
8615
8783
8788
11193
5937
29677
36427
36423
36153
36154
36155
36158
36160
36162
36163
36165
36166
36168
36173
1251
1252
36988
37436
37437
37603
36996
37343
1274
5367
12798
37478
37548
37550
37552
37776
37777
37779
37780
37781
37782
37783
37784
36581
37795
37796
37798
37799
37800
37802
37803
37804
37805
37806
37348
37435
37666
37673
37674
37683
37696
37699
37702
37604
36081
36572
36571
36080
36047
37537
37535
10699
36615
37346
95566
543
599
96240
96246
96247
96249
96272
51
70
74
75
115127
115133
117360
122231
13277
13592
13637
14254
147315
17070
17071
17072
35723
14031
14161
17368
35760
17053
17051
16932
18567
18338
30030
30150
30151
30154
30156
20593
32254
35312
1318
132403
132410
132618
133375
142136
45
56
145171
145172
30061
1201
954
1118
192
151178
151200
151201
118
116
123
124
160
182
227
233
1041
536
566
603
604
30281
585
648
225
1049
6498
833