36040
36041
11495
18159
305
7263
11290
30903
31237
11462
1585
10526
7239
7242
22881
133419
23688
17533
132425
5434
1243
8460
7229
9682
18252
9842
96174
96556
96559
1920
30956
16985
7236
4129
9790
1044
7235
21584
21595
21600
21643
7228
36128
8173
16728
12726
12400
37051
9681
31485
17439
8323
8678
7243
22877
36112
11421
9685
14240
12847
6532
8345
132424
9762
9769
23667
7241
7237
7240
9679
9683
9680
36085
9118
1544
31205
23082
9979
9980
10744
26217
8496
11313
95662
73
58
18608
36110
36129
36116
36111
18493
35453
36097
17810
132427
132434
977
150967
565