6874
11818
6167
191
213
222
10924
26551
36951
158
199
212
216
251
252
417
6841
6666
6829
6832
6840
7632
8370
11147
11229
11274
11688
11797
12029
13652
14211
18124
18128
18152
18612
30842
98093
145411
1211
9102
7374
5675
127668
1390
21562
1956
10639
12719
12836
13566
180
243
244
659
2506
5748
6789
6858
6870
6938
6940
6948
8160
9379
11023
11302
11405
11407
11408
11438
12028
12031
22340
26351
26677
26678
26892
30085
30085
327
1512
6826
6827
11289
12153
21578
22650
133364
10756
11332
12082
21800
30920
821
31303
13025
558
6780
1562
1567
6844
6854
10488
21500
765
16759
1399
21536
30031
1485
9953
37067
6875
3255
8578
11261
12109
9089
30921
6876
17735
9884
9903
12073
235
16625
30900
31307
96491
96450
96452
96455
96457
96463
96464
96469
96472
96474
96479
96480
96482
96496
96508
96512
96525
96534
96537
96541
31507
8531
96237
7496
7530
7535
11245
31348
31349
132
200
1144
1151
1152
1519
4033
10782
10900
11363
22566
151116
151117
151118
151119
151121
151122
151123
151125
151136
151140
151144
151147
151148
7481
7652
7653
7659
10418
10871
11222
11228
11232
12845
82
22798
30929
36096
38218
9310
30126
8494
20882
13026
6944
12985
9640
1311
13010
6786
6890
263
29289
13027
21545
13042
95700
6879
6861
17529
17530
6865
6342
6848
813
11092
14283
30621
18260
23625
483
17660
9835
16727
11317
22842
21629
684
1766
1769
823
863
864
890
978
1277
1811
1639
21582
12183
1903
1904
1912
1914
1918
4425
8150
36503
9198
9246
9261
9264
9472
12421
12718
120
7480
38155
28114
10922
8185
652
6794
25950
37033
37054
482
31375
12720
466
8186
258
123663
37484
21654
25791
132973
10277
6862
2196
30622
14592
7326
1330
17090
7528
28168
649
655
30935
7583
98096
7498
7573
10039
10207
12048
31318
36612
1986
18269
35111
36391
12729
7709
1523
2191
3934
9230
905
7701
7702
7737
21761
12300
1178
11246
2248
7373
10059
37372
16879
22876
22886
8665
22274
36375
11272
12067
12088
151180
6853
6871
21799
31350
29675
21627
27194
1392
21501
5433
986
17052
97808
29710
37000
37001
37002
96278
96617
98084
17080
21502
5701
10446
21504
21518
21519
21520
21522
1259
30129
21569
1033
30092
11542
7288
7800
7862
3346
899
4270
23139
11731
7436
7527
11247
11356
7543
36502
36525
36529
11293
8175
8354
8367
6843
6850
6869
6873
6878
31321
31360
8930
10752
1434
1159
9969
11089
10553
10288
10397
9047
14544
8908
8795
10391
10244
800
8810
10290
10291
3528
4272
3561
3034
36546
37311
37582
36359
36328
36394
36395
36397
36398
36399
36400
36401
36402
36403
36404
36405
36406
36407
36410
36411
36413
36414
36415
37342
37587
36349
26696
36438
36441
36442
36565
35115
36156
36157
36541
36533
37531
37005
37045
37011
37381
37382
11522
11564
37736
37340
9267
12796
16449
36176
37566
37571
37573
37579
37580
37644
14244
95695
36042
36074
26531
36095
12774
37549
1791
13635
13691
14265
14296
14456
17076
17213
17360
17361
17665
1289
1297
34562
37567
37584
37568
37569
38154
37585
37620
96241
96252
96265
96276
96461
96495
96549
96845
96879
96855
96882
96918
97804
13580
97958
98088
98089
98127
98137
145422
98087
115131
121380
17130
13564
13733
14561
17128
17865
1421
17066
17049
17082
17083
95682
95683
36493
36549
36550
36554
36555
36557
36559
36560
95665
95666
95668
95669
95670
95671
95673
95675
95677
95678
95681
95684
95685
95686
96307
35622
576
17074
17505
72
17738
16989
17901
17817
30145
324
7255
7378
10067
12813
14333
22387
27820
35074
35143
36330
36339
36344
36356
36361
36366
36381
36382
36383
36384
36385
36387
36389
36390
36392
36417
36424
36428
36429
36431
36512
36526
36530
36542
37543
96259
115124
115125
59
147909
151154
151155
164
237
598
54
987
749