1036
9728
930
932
9241
23678
10803
6590
12824
197
21713
6585
7478
10695
9586
9768
348
30051
96542
96721
11070
31457
31465
145203
484
12084
1067
6569
77
10816
132416
13037
23647
9898
10637
847
23660
13116
12980
1001
6583
29344
1514
6864
1514
6864
592
7540
2569
9918
6589
23653
7450
23833
7450
23833
23680
9820
9900
9701
122255
23659
1824
10898
31468
1753
23645
1693
12935
6587
1524
6588
9862
6582
13995
23657
23670
9914
26568
2700
10899
11395
1308
11425
11394
11392
122396
11393
7641
11323
7645
9821
11340
23692
12103
11576
4371
7646
7706
9955
122236
12264
2275
96964
8530
9800
9222
6594
938
1054
9764
9770
9772
9779
9781
9784
9789
9792
9795
9797
9802
23674
9824
9825
9873
9896
9897
22678
23646
23654
23661
23668
23669
23675
23683
23685
1515
23694
11736
11144
11450
6591
6593
7233
16991
23078
921
10552
12203
8966
8979
1561
36367
37043
17666
37369
37425
37731
37737
37741
20364
38152
38185
14326
14761
96511
97932
97933
115132
122394
123671
123668
123669
14328
20594
14572
16365
681
36551
13606
17620
17861
18332
9780
38114
127700
145166
138
619
30112