4445
8376
23708
30097
30098
3283
7650
10733
11997
34
6700
10927
12406
9783
8734
380
1056
1020
1023
30038
7690
2034
26001
26317
22788
29723
36578
95543
21712
30018
9760
12129
12226
30741
10739
12221
9091
12397
22771
25841
35100
7435
37473
12222
12045
26578
122397
8620
23718
1220
8559
6646
10033
12716
12396
6617
9807
11988
26106
6608
6630
176
9226
9872
12403
12205
12212
6615
16439
12417
11998
12320
12404
465
12715
12318
12348
12722
8880
8184
408
5539
397
400
401
22799
404
6631
30797
31372
6633
28174
6624
763
9233
11782
21564
6628
14789
16550
11439
10351
925
926
8362
7299
12047
9999
5400
993
5359
9911
6706
30059
30060
9899
9850
11748
11754
12007
7320
8668
7331
7479
7482
11156
11164
11359
12398
23644
17097
6607
6616
6625
1657
6626
127698
6627
6637
6638
6640
6641
11404
6708
36102
132392
22991
8528
12289
9990
8384
7536
2113
11078
11084
10034
12277
9013
10394
8851
8951
4109
1009
9268
35104
36538
21877
37376
37380
73353
123660
37481
115130
117366
122237
123656
123659
14329
13551
14512
17048
16373
16362
16363
16364
1670
1553
18147
30010
30023
30026
19065
145210
534
145435
49
166
742