30044
30046
30048
30050
12860
96228
5
193
194
5802
5823
5849
6234
6744
7315
9061
12040
317
6675
7434
17372
9702
5820
5839
5885
6601
10805
25868
25946
22
5830
13250
22808
38157
23100
1133
12066
31084
30914
10452
22797
203
1499
6733
12288
132971
1994
6663
10485
298
1003
146
1686
1689
7666
9351
12416
30020
6671
6743
1076
2170
778
5797
9584
285
1592
132530
96492
96533
13242
8561
13176
810
812
340
341
406
520
1053
31366
151127
12101
1186
1278
1290
1293
1893
3310
4092
5809
5861
6662
6674
8609
9767
12063
12724
20861
36357
21493
5803
2080
20870
130964
133397
960
9984
113
956
5782
8632
10542
12823
11236
5780
20881
5742
597
5881
10802
10843
12581
5853
896
5816
5834
151099
1714
5843
10490
5805
6031
5837
7340
5813
21481
1110
1559
1564
23700
736
1603
5777
6003
9076
23764
110
1078
5847
112
1176
5838
90
6650
4182
6686
819
12993
801
5800
5818
8542
11083
13019
8657
19199
1037
3722
17349
11171
31079
5402
2994
12062
17532
17534
17657
5825
9170
5851
130
1187
5832
167
718
1583
1692
1892
2171
5817
5836
5889
6653
7271
8349
9869
10461
10906
10907
12095
12531
22669
30127
96956
96955
149213
151009
101
148
3508
13177
13178
5791
1694
21556
71
357
1130
1137
12731
814
151040
8548
150
120145
6661
5893
5806
6654
5779
26895
26918
26919
26920
625
6741
435
1577
2114
5799
6730
1031
850
31215
31316
552
7472
21515
202
872
5795
5895
6676
273
11758
26552
10921
9607
1520
9543
6669
23156
131
6677
28182
6724
579
6678
6736
10525
13031
26336
1590
4363
26108
28740
30743
5848
6667
145334
321
322
10925
96165
1027
11682
6687
3118
10912
1160
10798
31371
11077
729
843
1250
5798
22659
1347
16664
26350
1522
12286
30120
1030
17056
1000
3901
950
959
988
990
8682
5850
7307
1116
5827
5862
12579
6739
26389
25846
25864
309
6603
1488
14075
120143
9788
9235
1035
6738
7867
5880
9211
10913
9244
677
822
21107
678
746
3583
1386
5890
30930
29741
29982
12012
7511
915
12831
13297
7700
4993
888
8884
20989
12102
89
20761
36515
37551
234
7654
11382
10884
10902
37370
1081
1209
7852
14463
29745
123667
151171
151202
11575
26338
5440
5392
728
132617
1584
159
17794
12764
12765
1440
5876
8477
9085
29742
29879
96868
5424
9229
5455
21508
9271
21510
5812
6660
1046
21524
996
11402
816
817
1005
4017
13079
7550
29881
23687
23679
25803
6729
1079
12528
7313
7467
7487
7507
7510
7512
5075
11173
11177
11188
29967
28
1161
12089
5789
5790
5804
5858
5860
5864
5871
860
6651
6651
6649
6656
6655
6659
17551
6668
6672
1163
6725
6723
6717
6718
132443
10302
23079
958
11686
11746
11766
11786
30076
30088
1460
1126
1154
7656
7668
4277
10060
1510
11061
1208
793
794
796
608
37379
37678
95844
36031
133395
37651
11524
38067
10438
745
747
27084
95696
96179
96233
96239
96451
13846
96603
96611
96604
30111
96856
96963
48
50
115128
115122
30081
121374
1080
120139
7669
122400
123661
123662
5903
123666
4324
13235
13244
13553
124590
18641
14483
14542
30089
17563
14197
14132
17842
17900
1498
18294
14757
17018
29560
20990
256
23230
36386
36561
36566
36567
95676
95679
95680
14538
130963
132527
20578
127715
132965
132970
144222
147072
147073
13226
148883
11170
151153
539
1045
30063
111
173
175
609
30278
30277
214
30091
30094
30136