1050
1599
10437
26674
475
7287
292
20555
151143
6701
1172
11655
14045
122
429
37060
11566
11500
11566
1043
1344
474
477
11940
557
26662
37022
725
12521
10808
405
11790
23695
23696
11800
11769
12009
10883
11203
5379
23735
11787
9631
30006
463
6707
11772
11802
23849
471
10791
11680
476
478
758
9777
38107
6956
589
215
6710
957
3298
992
1042
23677
12054
7468
2021
8569
2094
11685
10797
10809
11269
11568
11681
11684
11780
11785
11789
11788
12086
10257
37007
37027
37031
37063
37345
36150
9287
38159
145427
1468
30144
11484