7036
7039
1309
1536
1750
7052
32196
7043
26988
2911
16541
13304
7015
21568
7028
7283
7014
5357
7012
9228
18197
13133
6923
12042
12077
1736
10414
37471
8533
13249
2918
1214
131003
13631
10640
17879
761
18254
23427
23691
10005
10527
10554
105571
31370
1687
23358
14320
5405
8826
7032
96608
7062
7056
3590
9757
1682
7312
83
23235
28100
6933
9252
13256
14264
21710
21710
99
23193
7302
7031
11319
6039
1406
8459
12145
21610
7030
7517
29511
148181
12098
11809
10930
310
5644
17077
12050
3742
9263
7063
5368
7047
7049
29575
5376
17124
9654
23686
7048
11339
13939
7053
6922
7060
7037
7038
1150
7055
7046
7051
7057
7059
7061
13274
22867
1878
14323
36950
15555
2573
38160
145421
145425
14607
17104
14041
16782
18108
21017
20973
16406
29613
32194
30087