105
6975
6993
14246
29729
95692
17823
7368
11562
17801
7840
11389
36954
774
20562
12817
18276
16595
17116
759
26803
488
493
495
500
502
503
6992
23018
9904
133358
21567
3284
613
6977
6965
254
6974
17905
6986
6996
6998
7001
13786
14469
1638
7000
4234
634
102
6984
17687
17715
666
6966
6989
143170
150966
6979
6987
6994
6995
9986
10545
6983
6961
38149
9988
26099
560
5352
6969
6970
6972
6978
6988
6991
11376
11825
17916
96770
7002
7362
2084
2121
2122
2120
2135
11539
10301
9134
10641
8570
9937
21509
17726
18283
6982
18251
5353
6981
6997
18282
37477
344
356
3654
8522
10915
12024
13247
13257
12933
11750
133416
1011
1560
23652
10546
13239
6999
11742
11986
12037
7365
7341
11243
11371
10424
8952
8953
2099
22391
122234
122235
124755
6973
9985
96610
6990
7003
20985
22992
23075
23076
121373
8653
8667
9976
10018
23140
10340
10374
10142
8697
8891
10193
3863
3545
8959
4215
162
13679
132514
132515
132518
36087
36106
36120
36130
37704
37476
37487
1165
13245
16775
18265
18267
20961
11199
11321
95584
95866
96175
145428
13301
13595
132406
124334
124338
29555
17418
17667
17673
17378
16826
18115
16421
30012
19236
17719
18262
18280
18273
18277
18278
36113
150578
150600
151017
125
174
238