754
10518
636
790
991
13609
733
781
1345
5396
8200
9099
17724
28112
135
9078
6952
11068
21563
26585
584
16714
17321
5446
563
612
753
1589
29591
1012
1013
1014
1015
1016
1017
1018
1019
489
277
6895
10668
26586
418
595
623
5683
6040
6896
7830
10509
21105
22892
23741
25011
28115
37032
319
351
519
1029
5502
5428
23785
23790
25837
26349
11342
9249
28173
1595
21559
3944
6897
6909
10529
23787
473
7414
9429
966
8505
10508
21554
12392
673
656
147065
93
37486
245
35118
6908
5184
983
17681
982
6893
31379
12733
10665
8189
9427
5393
5409
6939
37494
8190
10710
6955
95575
37632
1002
28175
9221
515
1601
7822
10532
785
722
11469
26536
665
9100
1025
1586
6752
22885
9160
10521
10916
11485
12541
26423
12929
10428
10501
10506
10511
10538
10614
10670
10709
22623
23775
6945
23789
1336
23802
967
5416
9225
10496
26537
37540
768
10275
12828
10283
969
12732
12858
1487
26102
7301
1571
564
12848
567
8675
11056
23119
11239
6911
575
1034
6904
9081
580
12857
1597
6905
9208
740
5354
120922
593
13665
26237
28113
601
621
5351
10768
605
3018
7853
26183
668
618
1593
771
1349
629
630
10646
12815
12821
12833
12856
26549
10909
640
120141
28181
770
644
1587
651
662
664
670
671
672
674
1704
724
764
2512
731
732
734
738
741
743
5429
10806
8196
6902
752
775
31373
777
5372
21498
779
786
788
1010
1024
37461
37056
37460
965
981
21574
226
1032
11253
9752
148534
2037
11400
26382
973
972
5418
10548
11755
970
964
8305
5432
10914
5390
5388
10426
5375
5385
136
189
124335
6903
21505
1207
5449
5430
9693
5448
9708
9733
9248
5410
5406
5355
5361
5363
9236
5369
95581
780
7473
12930
8188
20937
7050
17712
11543
8666
9981
11544
11996
11546
21102
22859
22860
23141
11565
12116
11735
12005
13658
12046
7585
11184
11275
18270
2055
2097
8497
8501
7454
6907
37488
6901
594
10664
95860
10512
10262
10497
10533
9096
8641
8651
37489
9971
10000
10001
10003
10540
10543
96173
23138
22828
12255
10126
10409
12279
10420
8972
8372
29674
37025
37065
37327
37057
36072
73348
73350
37468
37491
36086
36088
36073
36075
36077
36082
37492
36079
8949
10189
30927
37633
35888
145424
145430
145432
120146
17458
13666
14277
14786
1529
18428
20762
17869
20986
94
18257
16377
16435
760
148535
150936
151015