1038
21723
12003
145410
3055
122409
7289
9690
10284
11730
13088
22653
145376
7678
7688
820
7680
147597
20647
22890
36543
284
29676
7612
7693
7716
30029
14381
95735
36993
433
1190
1541
4473
8322
16521
21514
21759
37755
37823
95557
95660
148533
37729
133413
7682
6947
16865
1610
7685
8903
4135
7710
16817
16928
7735
7704
7708
7683
7694
7703
8
7722
7718
7721
7711
7717
7736
7738
7741
7744
7733
7739
7720
36323
4315
9140
17392
20642
21782
23349
37419
37018
334
20948
37817
36540
36534
36990
37626
37004
37046
37003
26523
5167
73354
37383
37377
37431
37738
37742
37748
37429
37774
37775
37793
37422
37421
37634
1294
96557
96520
18285
17100
17582
568
570
571
573
574
961
1090
1091
1092
1095
1096
1097
1098
1099
1101
1103
13295
19234
14579
20641
151152