10713
11350
10728
510
513
516
521
22654
611
10714
458
9847
2237
2138
9816
7636
259
2118
851
3003
9199
1455
1481
1493
7642
1242
9579
10717
10737
17535
5678
7300
22882
8564
7558
12068
7647
23765
12886
9791
23671
23672
7630
8661
7248
7323
7328
7477
31356
10457
7557
7559
7560
7561
7579
7580
11138
11139
11182
11201
11365
10730
10726
16626
10731
10732
10734
10735
10736
10740
22756
23069
8537
11067
3569
3622
5190
4991
26033
1240
1237
38011
145433
14100
14557
221
14269
16812
30105
20970
133381
143160
143162
143164
143165
144113
147066
148529
148091
423
30267