1978
1866
21579
21797
21804
30898
30899
30924
1883
8829
22565
11570
12375
12826
2074
14185
18667
20773
30798
30810
11186
30919
31061
96470
96516
96517
96518
96519
96523
96524
96529
96530
96531
96532
11085
30910
31489
31563
30739
527
529
1979
8382
8736
11066
1129
4281
1073
249
151181
144
434
546
766
1867
12918
31448
31564
37426
146418
1170
1132
30911
31566
30916
30918
1134
1861
30925
37728
1138
7539
1196
1197
1199
710
1870
1245
8642
9818
1248
10056
12194
1820
1833
1837
1605
1634
1636
1637
37613
1433
8746
10085
10325
12235
1906
1907
1908
1961
1962
1985
1990
30928
30901
30948
30002
9989
12725
12728
22855
280
30907
30955
31068
7515
1865
1874
1939
1876
1879
1968
1886
31504
31573
1936
1941
1958
1960
1963
1964
1965
11242
11241
1976
1980
8823
8955
10048
1987
1995
1919
31072
2032
1751
1387
21575
37561
37637
1281
8313
11187
8926
17055
6523
14243
2280
1327
12770
21527
29031
36563
195
1074
1393
1408
1409
1411
1412
1414
11398
1418
96254
96299
96788
96789
96842
21526
11526
13296
13921
13925
19298
21780
21781
21840
21841
23415
32674
37560
37588
37596
37612
37647
37650
37827
38209
96857
8645
9026
9202
148530
11749
11752
11753
11756
115120
115121
8907
10245
14468
7258
10746
31064
7834
36501
36504
11209
8762
11364
10004
1119
1179
1145
1177
1204
1372
1282
1203
1244
31067
31343
36118
22993
8996
10306
23068
22748
4312
31209
8669
7615
7648
8538
10847
11075
11076
22615
10779
23103
1988
2583
8729
10319
10343
8990
12165
8727
10609
8735
8811
10378
10026
8957
10342
8831
9893
10289
10412
3924
8987
10333
4548
36396
36409
36412
36505
36043
36159
37611
37616
36994
37563
37572
36570
96328
8954
10369
11136
12164
12202
31513
17502
17802
37562
21011
37162
37558
37831
37595
38100
38146
38183
38184
95567
95574
122393
96160
96234
96238
96251
96607
98121
63
1452
123658
115134
117361
121375
123664
30119
30138
13283
13578
13682
1335
36545
36553
95672
95674
196
689
17662
17814
17731
14435
1977
16818
124358
16965
95667
36433
36434
60
147090
147096
147097
147099
147594
147603
148532
150935
150937
150939
1246
600
701