2547
13231
21821
1503
1509
8473
23604
41
12217
12884
29882
23606
1083
9182
533
21561
712
10845
9231
122173
122187
2125
10450
23619
5487
23635
544
545
547
548
549
550
553
554
555
1537
21805
21807
21808
132428
132429
150303
150304
151156
151157
151158
151159
151160
151161
151162
151163
151164
151165
151166
151167
151168
43
7798
37048
9776
23610
9098
22835
23591
23623
23594
9108
23588
1394
23613
23627
8346
1429
23628
23618
281
18007
20766
22918
96296
20855
23590
8658
67
96753
23600
21791
12810
23629
5638
10088
42
1461
31363
14261
23632
1787
10273
1466
9057
17829
2229
11099
11383
1426
288
335
371
372
373
374
375
376
377
378
379
381
382
383
385
386
387
388
389
525
37660
2154
10463
29574
151128
151129
151138
86
639
836
839
1407
18102
115098
23614
12876
12877
31364
20869
30272
22549
37361
37458
22912
30623
36076
96271
23631
12304
30518
831
841
1535
29743
22371
2063
910
7447
20643
8320
7697
7695
7715
2305
22915
13550
22916
22593
2163
9532
29
37071
23842
26047
1419
1389
1447
36
12820
37041
12851
9254
8967
21549
23593
37538
23607
22769
23603
23608
21766
23589
23624
23626
18686
23578
23612
26470
922
9798
1109
10091
8945
10064
10174
10523
95590
1114
14404
22750
132391
1143
1234
151103
10055
14533
10040
7705
606
37339
36432
26539
37037
37454
37455
37743
37746
37769
10329
10604
31076
1731
95565
95562
96881
115129
20891
14531
1490
1491
14536
16360
17375
14114
18162
30042
147666
750
151045
151008
30271
269
14
100
109
272
12
15
582
13
596
300
30609
419
713
755
30149