11314
11456
2216
22800
23630
9086
12753
1385
1417
2247
9992
11728
26097
26582
38158
9598
5515
242
928
1477
7572
18337
953
1397
1065
1120
1188
620
7370
23579
1464
97927
133367
9831
920
12524
37834
8199
13768
13873
13892
13893
13896
13897
13899
943
952
2124
2150
4545
7371
23582
23636
14080
1445
8312
9097
9589
10089
12393
2087
7849
23585
1969
8491
1594
5507
1600
1402
2176
6334
8554
38121
9220
12081
21521
21796
3052
7532
92
3328
1404
11436
20770
22895
8871
9077
23634
940
13073
23587
96510
96526
11328
5551
10765
2146
2102
36506
23584
38014
96301
9856
3259
23596
23621
9320
23622
13900
9759
37586
9317
11362
31378
5517
5554
6206
151179
22928
5548
255
5136
1917
2914
9883
5509
22676
5330
7501
8378
7616
7649
8515
8517
8519
8558
8560
1938
11311
11309
12071
1482
12072
2915
11928
12121
8679
8792
12011
9617
11310
11308
38086
9438
7249
11368
935
7366
11180
2209
21767
726
1470
18795
22910
5538
1403
5550
8506
9110
23137
25851
1388
12759
4317
5437
29735
9065
9066
1396
3580
1410
21785
1415
1340
1431
5377
18122
38071
36193
11783
11547
13981
7317
12347
23595
23599
21769
23598
9964
2910
1479
8671
29719
2505
38085
13237
1444
150960
23144
23142
11741
7314
9675
11312
4185
29910
804
6887
95580
21315
26887
11521
4119
4458
4570
10066
1475
1476
1478
17037
10002
10015
133374
133376
133380
10396
10062
8858
12162
10180
11206
9015
4410
717
132519
36497
36126
37747
37350
36624
31077
31080
37691
37654
37682
38031
38133
38131
11426
37530
38112
38103
38099
38095
38093
38092
38068
37996
37998
38000
38007
12917
21486
38032
37987
95571
38049
37174
95526
95559
96629
65
14582
1439
1465
17064
144114
18118
14827
20876
30053
132385
133357
145333
147312
148082
148084
148083
39
151196
168
6
617
669
756
929
936
944
30153