30043
10917
9597
12228
211
21530
880
10460
37653
9632
581
5556
7749
7795
8194
8677
12093
22642
29596
30040
2228
5526
5527
5542
5552
10918
10920
26458
26461
37649
147812
22869
10929
27083
20966
10901
13067
29915
38076
21634
30095
10531
806
1121
11358
30049
21580
5486
5464
5465
704
8660
8229
8552
8563
7497
11103
11131
8639
11132
11443
12108
12110
12114
12112
11134
57
8649
38075
95585
8644
7311
11301
7754
1271
8676
14255
38020
21513
8754
21557
38050
30041
11528
1548
37676
3
31
26140
10010
1286
8633
5530
5555
5531
989
11106
17674
6496
38091
1484
10011
10014
10017
11101
22883
2916
36539
36957
1268
37483
1272
1273
1276
1283
35101
36104
37680
12754
11523
8643
37615
8650
95569
38104
923
38080
29909
95577
38025
30067
29864
38039
29988
29986
38033
38740
21819
122170
13240
17065
16999
17843
30007
143911
145211
688
825
909
937
942