13109
16555
21809
26039
30016
7891
14119
1438
1975
11429
11479
21659
29569
30315
127677
9344
9615
13033
21495
10831
12752
262
12999
26510
3576
17908
512
2348
5920
12014
147927
13034
26713
30386
829
1339
5645
6434
6772
8225
8361
8623
21577
22643
26871
26462
313
5907
9619
12131
148271
7525
9370
5733
9922
13101
13158
26341
27106
29715
21815
13127
26464
748
1378
2863
7531
7861
8203
8258
8970
9270
9292
9300
10660
12415
12992
12997
13053
13061
13085
13114
13134
27089
147811
148486
22367
1088
5918
30100
29699
84
13174
25782
26548
29701
6410
1582
8257
9200
13150
12061
1483
26428
1547
9380
21108
22547
30526
30760
13047
3939
1360
10494
29732
29979
30075
154
799
5702
5719
5729
6023
9111
9377
12115
12865
17757
21489
22804
26891
29563
30255
30256
30287
37618
1501
6446
21680
26884
29900
6753
26426
8251
13167
88
561
5736
9886
12748
16953
29857
30625
38193
11760
1699
8140
16050
28107
735
1284
1362
1368
1376
1613
1681
8218
9647
9697
12991
654
1726
8215
13063
117359
700
1363
1435
7895
1194
1198
98138
1456
13136
25794
98139
8493
5567
9357
10025
30078
5651
8238
8338
9771
11331
13038
13074
21794
26441
30259
30361
21795
36114
333
638
9944
13155
13100
29722
9808
13160
5660
27
22579
5930
9196
12051
13001
13013
13062
26823
1200
1424
2266
232
541
602
1353
1428
1733
8239
9324
12745
12864
12989
13002
13016
13068
13130
13162
26474
26743
28171
28925
18144
21618
181
12520
13069
13175
26576
537
1446
13011
26680
121382
3610
13028
23101
10631
13170
21676
5562
5709
6721
8221
8224
8237
8246
9312
9416
9853
10495
10659
13118
13141
13181
21485
21602
21783
26429
27105
29766
30552
13163
1093
5706
9372
9448
9452
9634
12883
26658
26670
26985
27087
29790
30024
30047
30240
711
1727
614
13005
8210
9347
13153
21663
26889
29737
30769
1932
5673
13055
21475
22551
26373
26750
26776
29892
30025
5673
13182
29862
26460
7755
7819
26337
5715
6008
9484
29509
30115
538
1441
6075
6749
6900
9074
9381
9390
9561
10482
11194
12736
17103
26390
26710
26747
29794
30266
30314
30346
30617
30657
38202
9106
6769
5693
12721
61
645
901
1352
9567
12862
21570
96615
98126
8272
8235
8276
13040
13050
8245
8204
8222
9512
12746
13035
13045
8268
13043
13082
13108
26572
26577
29724
12982
22526
26864
30142
12986
9305
1453
11431
12842
29888
8275
26497
8202
8255
13081
26424
26425
3732
6022
6225
6899
8061
8071
8207
8216
8220
8228
8230
8234
8241
8242
8253
8254
8256
8259
8266
8273
9306
9307
10628
10799
11030
12704
12737
12739
12751
12936
12990
12994
12996
13003
13009
13014
13024
13036
13039
13044
13057
13058
13064
13070
13075
13076
13077
13078
13113
13117
13128
13149
13152
13180
13183
13187
21546
22347
26356
26874
28237
1304
8243
9595
11930
13140
28183
12987
1332
8247
10620
8205
8240
12998
13083
805
1077
8213
8248
8271
338
1139
13004
26450
26507
26844
13006
12981
8208
13007
8209
8226
9434
9449
13124
22418
26514
26517
161
1254
13122
153
916
1380
5604
12534
26865
30173
30522
8212
13156
13015
26647
23102
13056
8244
13021
13103
21473
21482
26500
29942
3525
23118
9322
12872
13032
13087
7777
10627
11781
12846
26893
8827
9378
9387
9420
10469
22341
30291
30312
30358
5688
12861
26112
26890
29830
30341
30673
146127
8219
13072
22657
5610
9051
25783
13096
278
627
13071
1383
26668
772
9212
9314
5676
9556
9812
13106
1459
29848
9294
11037
21544
13110
13112
26754
8232
13142
1249
1305
26359
29858
29859
30373
13154
29852
1423
13159
4407
13161
30626
13166
13172
24831
1288
5744
8274
13098
9374
12958
13185
13186
26343
13084
21476
12743
5737
5713
5716
6766
9371
9965
12747
12750
22053
26465
26467
26468
26469
26501
26707
26719
26735
26742
26851
26861
26866
29789
12749
12742
8227
171
179
641
1147
1148
1216
1341
1346
1663
5914
10757
14440
17352
18571
121381
2677
19482
37652
6599
28453
5640
9826
16897
26435
17451
26591
26876
6425
6763
7268
9384
11417
30317
8360
9593
26875
27091
1462
8474
26440
30101
5635
10619
25800
9621
30062
115123
26452
9628
30027
13102
12444
13046
13104
8267
1212
8269
13029
21494
13054
13132
9311
12546
12744
13138
21650
26758
30446
29727
13066
9368
13147
13164
8249
9313
10515
13099
12515
29651
29720
29933
13111
9664
8233
9107
13126
26365
26730
7776
5732
8236
13135
10269
9644
13137
143167
9754
13146
21702
29747
10492
13144
29780
29898
9855
13143
13148
12957
13165
13168
13169
29711
6415
11757
12548
13171
29721
29865
29866
6439
29413
751
924
5919
30246
29120
1361
1875
3128
5721
9385
9618
9624
10480
11771
12735
12740
21626
21635
26339
26554
26733
27095
29428
29449
29458
29653
29738
29937
30003
30021
30134
30294
720
4289
17729
17903
20638
26463
9620
4151
26595
295
857
10830
27101
30774
21670
26929
12863
10778
10826
1729
9395
30306
13086
26676
26986
26675
10479
11492
17898
5727
9392
26906
32381
9948
1817
26579
29876
6610
36360
727
29617
9398
26738
11475
12532
5924
6847
13223
17616
20944
29464
9870
96
29466
12844
12852
30114
133366
148097
13173
26443
8252
13105
9323
9353
9393
9539
9605
9652
27088
30248
9354
30037
6785
9356
9361
3981
10441
26726
29639
30243
9375
26731
9394
9397
30113
9399
9412
9426
5995
9510
9523
21633
21646
29793
30324
30790
9563
9592
9594
9622
9608
9633
21478
21479
21483
9450
21484
21488
30665
4096
3548
124909
9088
9709
10758
183
40
5583
5650
5654
5668
5671
5680
5695
5722
5723
29751
29972
5724
30327
5725
5726
5740
5776
21673
30116
6072
29802
6596
6768
26588
6782
26660
26569
26808
47
132387
22821
12741
26561
1342
7911
11454
22381
24229
26345
26353
26366
30750
26370
26378
26383
26395
26430
26432
26437
26449
26456
26473
26481
29902
26487
26489
26490
26495
26504
26716
26505
26527
26533
26584
26542
26545
26550
26664
26553
26556
26557
26558
26559
26560
9383
26562
30399
26563
26564
10447
22301
26565
30257
30558
30594
30606
30620
30644
30646
30648
30652
30700
26566
26567
26592
26641
10444
26654
37610
26655
26665
29932
26669
26723
26764
26722
26740
26741
26745
26746
29976
26768
26813
26816
26842
26857
26862
26863
26872
26877
30022
26886
26921
26922
26923
26924
26925
26926
26961
27090
27085
27086
27092
29863
29940
27093
27094
27096
29768
30055
27097
27098
27099
27100
29770
29771
30071
27102
27103
27104
4003
22334
9396
9413
9382
29805
9376
9389
26471
9391
9564
12855
7375
8713
10184
10076
10279
13097
30375
10498
10514
10632
10835
29775
29776
30340
30479
30480
30482
30483
30484
30487
30488
30500
30502
30503
30504
30505
30506
30507
30515
30516
30519
30592
30601
11026
11433
11441
29777
12287
12549
29744
30045
30103
30725
30388
12818
12882
30584
13129
21638
21641
21647
21664
21672
21678
21681
21684
30368
21685
21690
21691
21696
30384
21703
29702
29703
29704
29705
29707
29847
29708
29709
29712
38194
29725
29728
29734
29746
30435
29750
29752
29767
29769
29772
29773
29774
29895
30574
29778
29779
29897
29781
29867
29868
29782
29783
29903
29904
29785
29786
29871
29948
29951
29952
29953
29959
29960
29961
29954
29957
29958
29984
29991
30738
30429
30528
30427
30432
30543
30305
30310
30586
30587
30696
30731
29481
28853
28851
29713
29714
29716
5728
29726
29739
29749
29814
29922
36348
36446
36552
13251
13285
37837
96283
30124
30117
30118
30054
30125
30122
30123
30106
30110
123581
21
13280
17050
17063
22884
80
81
127656
78
103
17835
329
30242
95
190
186
187