18106
20590
360
791
976
1712
5757
7562
14299
18176
23077
150639
201
1021
9348
122401
123665
132964
1711
5064
5906
22002
9260
21812
21814
29558
11
36976
36998
37009
37015
37016
37017
855
13282
20872
5756
8540
13667
236
1719
1722
14462
127657
133359
150963
1218
6886
9242
13614
11277
9945
31304
1082
14309
17848
21590
122096
2082
1492
409
428
436
517
518
528
137
949
4268
5767
10443
22720
26141
151109
151110
151111
151112
151113
151114
151115
151120
151124
151137
151142
151146
11259
11325
36944
37052
37529
1224
1673
13771
96277
132963
1260
1261
20866
17857
7292
151010
11036
1442
16946
6684
5414
119
98124
8176
9060
10486
5769
7266
21660
133377
140
14102
123510
8466
5760
12888
17132
148870
148896
7488
16599
21662
149015
522
1337
9810
20591
8889
13241
147
1115
1665
11244
18100
7723
9878
13604
6037
17437
106
122406
14224
13252
13769
17745
10322
7808
690
551
7714
7719
9610
1158
8544
8862
18568
10814
34886
36191
6366
12399
21700
21724
21741
21803
22644
22645
23422
23423
23774
23777
23839
27247
9804
8197
9253
21543
98123
907
1047
10470
9763
30093
23684
21701
21715
21716
9794
9823
23143
7604
11303
5772
5899
145212
14032
6000
131521
13572
16684
143640
912
1233
13960
14106
36971
36997
37026
37624
37732
37771
36582
36055
17736
10120
853
17350
1295
16584
145431
115119
13253
122257
122402
23
13605
13699
14539
17058
17131
17369
18268
148095
17741
18569
16787
17747
16976
16494
18103
17791
124910
20764
18272
18194
132524
18222
127713
133370
14601
150962
4469
151007
165
540
523
115
660
653