260
9978
21542
21560
95829
1263
1266
17878
23177
22812
9105
10657
8636
11428
6061
2671
908
9833
10024
13243
14316
413
347
1581
5908
6035
12220
11057
11118
18611
21601
26324
30108
30109
30718
30733
123608
1518
21550
7016
11385
17531
2582
9075
22848
365
682
702
7329
9442
11097
11175
11737
12762
22592
25881
133363
856
9576
1184
8635
838
188
10280
12578
12713
21765
8618
849
2615
8217
30086
1480
5911
5922
9569
21104
96551
8602
38171
8637
30141
5923
14606
10618
122405
10442
8223
6076
4365
97928
1146
12158
10108
10098
4262
96930
96928
96948
97978
145426
123672
13642
14315
14317
14571
30080
17355
17348
16738
17527
30032
30033
30034
30035
30036
127660
132397
798
32528
16
261
265
312
647
133
646
739
744